Build Max Heap
6001 3200 5000 3000 2001 931 3009 1201 2300 129 367 892 670 1000 2000 59 1120 2230 345 100 12 79 82 701 280 200 566 377 901 92 300 56 34 601 123 54 770 
---------
Insert 9000
9000 6001 5000 3200 2001 931 3009 1201 3000 129 367 892 670 1000 2000 59 1120 2230 2300 100 12 79 82 701 280 200 566 377 901 92 300 56 34 601 123 54 770 345 
---------
Insert 389
9000 6001 5000 3200 2001 931 3009 1201 3000 129 367 892 670 1000 2000 59 1120 2230 2300 100 12 79 82 701 280 200 566 377 901 92 300 56 34 601 123 54 770 345 389 
---------
Insert 400
9000 6001 5000 3200 2001 931 3009 1201 3000 400 367 892 670 1000 2000 59 1120 2230 2300 129 12 79 82 701 280 200 566 377 901 92 300 56 34 601 123 54 770 345 389 100 
---------
Insert 3
9000 6001 5000 3200 2001 931 3009 1201 3000 400 367 892 670 1000 2000 59 1120 2230 2300 129 12 79 82 701 280 200 566 377 901 92 300 56 34 601 123 54 770 345 389 100 3 
---------
Insert 17
9000 6001 5000 3200 2001 931 3009 1201 3000 400 367 892 670 1000 2000 59 1120 2230 2300 129 17 79 82 701 280 200 566 377 901 92 300 56 34 601 123 54 770 345 389 100 3 12 
---------
DeleteMin
9000 6001 5000 3200 2001 931 3009 1201 3000 400 367 892 670 1000 2000 59 1120 2230 2300 129 17 79 82 701 280 200 566 377 901 92 300 56 34 601 123 54 770 345 389 100 12 
---------
DeleteMin
9000 6001 5000 3200 2001 931 3009 1201 3000 400 367 892 670 1000 2000 59 1120 2230 2300 129 17 79 82 701 280 200 566 377 901 92 300 56 34 601 123 54 770 345 389 100 
---------
DeleteMin
9000 6001 5000 3200 2001 931 3009 1201 3000 400 367 892 670 1000 2000 59 1120 2230 2300 129 100 79 82 701 280 200 566 377 901 92 300 56 34 601 123 54 770 345 389 
---------
DecreaseKey 10, 20
9000 6001 5000 3200 2001 931 3009 1201 3000 400 365 892 670 1000 2000 59 1120 2230 2300 129 100 79 82 701 280 200 566 377 901 92 300 56 34 601 123 54 770 345 389 
---------
DecreaseKey 30, 19
9000 6001 5000 3200 2001 931 3009 1201 3000 400 365 892 670 1000 2000 59 1120 2230 2300 129 100 79 82 701 280 200 566 377 901 92 6299840 56 34 601 123 54 770 345 389 
---------
IncreaseKey 25, 500
9000 6001 5000 3200 2001 931 3009 1201 3000 400 365 892 670 1000 2000 59 1120 2230 2300 129 100 79 82 701 280 700 566 377 901 92 6299840 56 34 601 123 54 770 345 389 
---------
IncreaseKey 17, 370
9000 6001 5000 3200 2001 931 3009 1201 3000 400 365 892 670 1000 2000 59 1120 2600 2300 129 100 79 82 701 280 700 566 377 901 92 6299840 56 34 601 123 54 770 345 389 
---------
Remove 20
9000 6001 5000 3200 2001 931 3009 1201 3000 400 365 892 670 1000 2000 59 1120 2600 2300 129 389 79 82 701 280 700 566 377 901 92 6299840 56 34 601 123 54 770 345 
---------
DeleteMax
6001 3200 5000 3000 2001 931 3009 1201 2600 400 365 892 670 1000 2000 59 1120 770 2300 129 389 79 82 701 280 700 566 377 901 92 6299840 56 34 601 123 54 345 
---------
DeleteMax
5000 3200 3009 3000 2001 931 2000 1201 2600 400 365 892 670 1000 6299840 59 1120 770 2300 129 389 79 82 701 280 700 566 377 901 92 345 56 34 601 123 54 
---------
